0
4885
9946
14842
19123
23790
27813
31435
34649
37376
39896
41329
42933
43681
44039
43914
42937
42160
41065
39259
37590
35556
32891
30893
28657
26535
23513
21605
19404
17185
15027
13283
11648
9827
8781
7474
6422
5302
4464
3760
3007
2479
2046
1620
1270
1064
857
597
547
396
313
236
184
137
108
75
56
33
27
15
13
11
11
6
0
1
1
0
0
0
0
1
0
0
0
0
0
0
0
0
0
0
0
0
0
0
0
0
0
0
0
0
0
0
0
0
0
0
0
0
0
0
0
0
0
0
0
0
0
0
0
0
0
0
0
0
0
0
0
0
0
0
0
0
0
0
0
0
0
0
0
0
0
0
0
0
0
0
0
0
0
0
0
0
0
0
0
0
0
0
0
0
0
0
0
0
0
0
0
0
0
0
0
0
0
0
0
0
0
0
0
0
0
0
0
0
0
0
0
0
0
0
0
0
0
0
0
0
0
0
0
0
0
0
0
0
0
0
0
0
